{
 "cells": [
  {
   "cell_type": "code",
   "execution_count": 5,
   "metadata": {},
   "outputs": [],
   "source": [
    "import numpy as np"
   ]
  },
  {
   "cell_type": "code",
   "execution_count": 9,
   "metadata": {},
   "outputs": [],
   "source": [
    "def generate_traffic_matrix(sending, receiving):\n",
    "    # normalize vectors\n",
    "    sending = sending / np.linalg.norm(sending)\n",
    "    receiving = receiving / np.linalg.norm(receiving)\n",
    "\n",
    "    # sending and receiving are vectors of length n, reshape them to be nx1 and 1xn\n",
    "    sending = np.reshape(sending, (len(sending), 1))\n",
    "    receiving = np.reshape(receiving, (1, len(receiving)))\n",
    "    \n",
    "    # multiply the two vectors to get an nxn matrix \n",
    "    matrix = sending @ receiving\n",
    "    np.fill_diagonal(matrix, 0)\n",
    "    \n",
    "    return matrix / np.sum(matrix)"
   ]
  },
  {
   "attachments": {},
   "cell_type": "markdown",
   "metadata": {},
   "source": [
    "Different distributions for server popularity"
   ]
  },
  {
   "cell_type": "code",
   "execution_count": 12,
   "metadata": {},
   "outputs": [],
   "source": [
    "def generate_unif(n):\n",
    "    # generate a uniform vector of length n\n",
    "    return np.ones(n) / n"
   ]
  },
  {
   "cell_type": "code",
   "execution_count": 13,
   "metadata": {},
   "outputs": [],
   "source": [
    "def generate_random(n):\n",
    "    # generate a random vector of length n\n",
    "    popularities = np.random.rand(n)\n",
    "    return popularities / np.linalg.norm(popularities)"
   ]
  },
  {
   "cell_type": "code",
   "execution_count": 14,
   "metadata": {},
   "outputs": [],
   "source": [
    "def generate_gaussian(n, std=0.1):\n",
    "    # generate a uniform vector of length n, with some Gaussian noise added. default std is 0.1\n",
    "    popularities = np.random.rand(n) + np.random.normal(0, std, n)\n",
    "    return popularities / np.linalg.norm(popularities)"
   ]
  },
  {
   "cell_type": "code",
   "execution_count": 15,
   "metadata": {},
   "outputs": [],
   "source": [
    "# Generate popularities according to Pareto dist\n",
    "\n",
    "def generate_zipf(n, repeat=1):\n",
    "    \"\"\"Returns nodes' popularities according to Zipf dist\n",
    "    ARGS:\n",
    "        n: number of nodes\n",
    "        repeat: number of nodes with 1/i popularity\n",
    "        \n",
    "    OUTPUTS:\n",
    "        popularities: list of popularity for each node, following an approximate Zipf distribution\n",
    "    \"\"\"\n",
    "    \n",
    "    popularities = np.array([1/np.ceil(i/repeat) for i in range(1,n+1)]) # repeated Zipf function\n",
    "    return popularities / np.linalg.norm(popularities) # normalize\n"
   ]
  },
  {
   "attachments": {},
   "cell_type": "markdown",
   "metadata": {},
   "source": [
    "Testing"
   ]
  },
  {
   "cell_type": "code",
   "execution_count": 10,
   "metadata": {},
   "outputs": [
    {
     "data": {
      "text/plain": [
       "array([[0.        , 0.01111111, 0.01111111, 0.01111111, 0.01111111,\n",
       "        0.01111111, 0.01111111, 0.01111111, 0.01111111, 0.01111111],\n",
       "       [0.01111111, 0.        , 0.01111111, 0.01111111, 0.01111111,\n",
       "        0.01111111, 0.01111111, 0.01111111, 0.01111111, 0.01111111],\n",
       "       [0.01111111, 0.01111111, 0.        , 0.01111111, 0.01111111,\n",
       "        0.01111111, 0.01111111, 0.01111111, 0.01111111, 0.01111111],\n",
       "       [0.01111111, 0.01111111, 0.01111111, 0.        , 0.01111111,\n",
       "        0.01111111, 0.01111111, 0.01111111, 0.01111111, 0.01111111],\n",
       "       [0.01111111, 0.01111111, 0.01111111, 0.01111111, 0.        ,\n",
       "        0.01111111, 0.01111111, 0.01111111, 0.01111111, 0.01111111],\n",
       "       [0.01111111, 0.01111111, 0.01111111, 0.01111111, 0.01111111,\n",
       "        0.        , 0.01111111, 0.01111111, 0.01111111, 0.01111111],\n",
       "       [0.01111111, 0.01111111, 0.01111111, 0.01111111, 0.01111111,\n",
       "        0.01111111, 0.        , 0.01111111, 0.01111111, 0.01111111],\n",
       "       [0.01111111, 0.01111111, 0.01111111, 0.01111111, 0.01111111,\n",
       "        0.01111111, 0.01111111, 0.        , 0.01111111, 0.01111111],\n",
       "       [0.01111111, 0.01111111, 0.01111111, 0.01111111, 0.01111111,\n",
       "        0.01111111, 0.01111111, 0.01111111, 0.        , 0.01111111],\n",
       "       [0.01111111, 0.01111111, 0.01111111, 0.01111111, 0.01111111,\n",
       "        0.01111111, 0.01111111, 0.01111111, 0.01111111, 0.        ]])"
      ]
     },
     "execution_count": 10,
     "metadata": {},
     "output_type": "execute_result"
    }
   ],
   "source": [
    "unif_10 = generate_unif(10)\n",
    "generate_traffic_matrix(unif_10, unif_10)"
   ]
  },
  {
   "cell_type": "code",
   "execution_count": 16,
   "metadata": {},
   "outputs": [
    {
     "data": {
      "text/plain": [
       "array([[0.        , 0.00751518, 0.00494292, 0.00251315, 0.00321322,\n",
       "        0.00952697, 0.00839917, 0.00410822, 0.00218782, 0.00992138],\n",
       "       [0.00751518, 0.        , 0.0140973 , 0.00716757, 0.00916418,\n",
       "        0.02717111, 0.02395461, 0.01171672, 0.0062397 , 0.02829597],\n",
       "       [0.00494292, 0.0140973 , 0.        , 0.00471428, 0.0060275 ,\n",
       "        0.0178711 , 0.01575553, 0.00770637, 0.004104  , 0.01861095],\n",
       "       [0.00251315, 0.00716757, 0.00471428, 0.        , 0.0030646 ,\n",
       "        0.0090863 , 0.00801067, 0.0039182 , 0.00208662, 0.00946247],\n",
       "       [0.00321322, 0.00916418, 0.0060275 , 0.0030646 , 0.        ,\n",
       "        0.0116174 , 0.01024214, 0.00500965, 0.00266787, 0.01209835],\n",
       "       [0.00952697, 0.02717111, 0.0178711 , 0.0090863 , 0.0116174 ,\n",
       "        0.        , 0.03036719, 0.01485326, 0.00791004, 0.03587072],\n",
       "       [0.00839917, 0.02395461, 0.01575553, 0.00801067, 0.01024214,\n",
       "        0.03036719, 0.        , 0.01309494, 0.00697366, 0.03162436],\n",
       "       [0.00410822, 0.01171672, 0.00770637, 0.0039182 , 0.00500965,\n",
       "        0.01485326, 0.01309494, 0.        , 0.00341097, 0.01546817],\n",
       "       [0.00218782, 0.0062397 , 0.004104  , 0.00208662, 0.00266787,\n",
       "        0.00791004, 0.00697366, 0.00341097, 0.        , 0.00823751],\n",
       "       [0.00992138, 0.02829597, 0.01861095, 0.00946247, 0.01209835,\n",
       "        0.03587072, 0.03162436, 0.01546817, 0.00823751, 0.        ]])"
      ]
     },
     "execution_count": 16,
     "metadata": {},
     "output_type": "execute_result"
    }
   ],
   "source": [
    "rand_10 = generate_random(10)\n",
    "generate_traffic_matrix(rand_10, rand_10)"
   ]
  },
  {
   "cell_type": "code",
   "execution_count": 17,
   "metadata": {},
   "outputs": [
    {
     "data": {
      "text/plain": [
       "array([[0.        , 0.02682179, 0.01735867, 0.02000415, 0.01414235,\n",
       "        0.00960772, 0.0078175 , 0.01606421, 0.02092353, 0.00093035],\n",
       "       [0.02682179, 0.        , 0.02215536, 0.02553186, 0.01805028,\n",
       "        0.0122626 , 0.0099777 , 0.0205032 , 0.0267053 , 0.00118743],\n",
       "       [0.01735867, 0.02215536, 0.        , 0.01652385, 0.01168188,\n",
       "        0.00793618, 0.00645742, 0.01326937, 0.01728328, 0.00076849],\n",
       "       [0.02000415, 0.02553186, 0.01652385, 0.        , 0.01346221,\n",
       "        0.00914566, 0.00744154, 0.01529164, 0.01991727, 0.0008856 ],\n",
       "       [0.01414235, 0.01805028, 0.01168188, 0.01346221, 0.        ,\n",
       "        0.00646571, 0.00526095, 0.01081074, 0.01408093, 0.0006261 ],\n",
       "       [0.00960772, 0.0122626 , 0.00793618, 0.00914566, 0.00646571,\n",
       "        0.        , 0.00357407, 0.00734436, 0.00956599, 0.00042534],\n",
       "       [0.0078175 , 0.0099777 , 0.00645742, 0.00744154, 0.00526095,\n",
       "        0.00357407, 0.        , 0.00597588, 0.00778355, 0.00034609],\n",
       "       [0.01606421, 0.0205032 , 0.01326937, 0.01529164, 0.01081074,\n",
       "        0.00734436, 0.00597588, 0.        , 0.01599444, 0.00071118],\n",
       "       [0.02092353, 0.0267053 , 0.01728328, 0.01991727, 0.01408093,\n",
       "        0.00956599, 0.00778355, 0.01599444, 0.        , 0.00092631],\n",
       "       [0.00093035, 0.00118743, 0.00076849, 0.0008856 , 0.0006261 ,\n",
       "        0.00042534, 0.00034609, 0.00071118, 0.00092631, 0.        ]])"
      ]
     },
     "execution_count": 17,
     "metadata": {},
     "output_type": "execute_result"
    }
   ],
   "source": [
    "gaus_10 = generate_gaussian(10)\n",
    "generate_traffic_matrix(gaus_10, gaus_10)"
   ]
  },
  {
   "cell_type": "code",
   "execution_count": 18,
   "metadata": {},
   "outputs": [
    {
     "data": {
      "text/plain": [
       "array([[0.        , 0.07113299, 0.04742199, 0.0355665 , 0.0284532 ,\n",
       "        0.023711  , 0.02032371, 0.01778325, 0.01580733, 0.0142266 ],\n",
       "       [0.07113299, 0.        , 0.023711  , 0.01778325, 0.0142266 ,\n",
       "        0.0118555 , 0.01016186, 0.00889162, 0.00790367, 0.0071133 ],\n",
       "       [0.04742199, 0.023711  , 0.        , 0.0118555 , 0.0094844 ,\n",
       "        0.00790367, 0.00677457, 0.00592775, 0.00526911, 0.0047422 ],\n",
       "       [0.0355665 , 0.01778325, 0.0118555 , 0.        , 0.0071133 ,\n",
       "        0.00592775, 0.00508093, 0.00444581, 0.00395183, 0.00355665],\n",
       "       [0.0284532 , 0.0142266 , 0.0094844 , 0.0071133 , 0.        ,\n",
       "        0.0047422 , 0.00406474, 0.00355665, 0.00316147, 0.00284532],\n",
       "       [0.023711  , 0.0118555 , 0.00790367, 0.00592775, 0.0047422 ,\n",
       "        0.        , 0.00338729, 0.00296387, 0.00263456, 0.0023711 ],\n",
       "       [0.02032371, 0.01016186, 0.00677457, 0.00508093, 0.00406474,\n",
       "        0.00338729, 0.        , 0.00254046, 0.00225819, 0.00203237],\n",
       "       [0.01778325, 0.00889162, 0.00592775, 0.00444581, 0.00355665,\n",
       "        0.00296387, 0.00254046, 0.        , 0.00197592, 0.00177832],\n",
       "       [0.01580733, 0.00790367, 0.00526911, 0.00395183, 0.00316147,\n",
       "        0.00263456, 0.00225819, 0.00197592, 0.        , 0.00158073],\n",
       "       [0.0142266 , 0.0071133 , 0.0047422 , 0.00355665, 0.00284532,\n",
       "        0.0023711 , 0.00203237, 0.00177832, 0.00158073, 0.        ]])"
      ]
     },
     "execution_count": 18,
     "metadata": {},
     "output_type": "execute_result"
    }
   ],
   "source": [
    "zipf_10 = generate_zipf(10, repeat=1)\n",
    "generate_traffic_matrix(zipf_10, zipf_10)"
   ]
  },
  {
   "cell_type": "code",
   "execution_count": 19,
   "metadata": {},
   "outputs": [
    {
     "data": {
      "text/plain": [
       "array([[0.        , 0.01896762, 0.01264508, 0.00948381, 0.00758705,\n",
       "        0.00632254, 0.00541932, 0.0047419 , 0.00421503, 0.00379352],\n",
       "       [0.03793524, 0.        , 0.01264508, 0.00948381, 0.00758705,\n",
       "        0.00632254, 0.00541932, 0.0047419 , 0.00421503, 0.00379352],\n",
       "       [0.03793524, 0.01896762, 0.        , 0.00948381, 0.00758705,\n",
       "        0.00632254, 0.00541932, 0.0047419 , 0.00421503, 0.00379352],\n",
       "       [0.03793524, 0.01896762, 0.01264508, 0.        , 0.00758705,\n",
       "        0.00632254, 0.00541932, 0.0047419 , 0.00421503, 0.00379352],\n",
       "       [0.03793524, 0.01896762, 0.01264508, 0.00948381, 0.        ,\n",
       "        0.00632254, 0.00541932, 0.0047419 , 0.00421503, 0.00379352],\n",
       "       [0.03793524, 0.01896762, 0.01264508, 0.00948381, 0.00758705,\n",
       "        0.        , 0.00541932, 0.0047419 , 0.00421503, 0.00379352],\n",
       "       [0.03793524, 0.01896762, 0.01264508, 0.00948381, 0.00758705,\n",
       "        0.00632254, 0.        , 0.0047419 , 0.00421503, 0.00379352],\n",
       "       [0.03793524, 0.01896762, 0.01264508, 0.00948381, 0.00758705,\n",
       "        0.00632254, 0.00541932, 0.        , 0.00421503, 0.00379352],\n",
       "       [0.03793524, 0.01896762, 0.01264508, 0.00948381, 0.00758705,\n",
       "        0.00632254, 0.00541932, 0.0047419 , 0.        , 0.00379352],\n",
       "       [0.03793524, 0.01896762, 0.01264508, 0.00948381, 0.00758705,\n",
       "        0.00632254, 0.00541932, 0.0047419 , 0.00421503, 0.        ]])"
      ]
     },
     "execution_count": 19,
     "metadata": {},
     "output_type": "execute_result"
    }
   ],
   "source": [
    "generate_traffic_matrix(unif_10, zipf_10)\n",
    "# uniformly sending messages, but some are more popular receivers"
   ]
  },
  {
   "cell_type": "code",
   "execution_count": null,
   "metadata": {},
   "outputs": [],
   "source": []
  }
 ],
 "metadata": {
  "kernelspec": {
   "display_name": "base",
   "language": "python",
   "name": "python3"
  },
  "language_info": {
   "codemirror_mode": {
    "name": "ipython",
    "version": 3
   },
   "file_extension": ".py",
   "mimetype": "text/x-python",
   "name": "python",
   "nbconvert_exporter": "python",
   "pygments_lexer": "ipython3",
   "version": "3.9.7"
  },
  "orig_nbformat": 4
 },
 "nbformat": 4,
 "nbformat_minor": 2
}
